103459
104759
106597
107459
109543
109547
109567
120356
120367
120453
120457
120486
120563
120653
120657
120978
123056
123057
123079
123086
123087
123709
123806
123807
124036
124087
124806
124807
124809
125607
125630
125807
125870
126049
126057
126507
128043
128069
128079
128709
128970
129087
130256
130427
130457
130478
130567
130642
130657
130658
130856
132807
134270
134507
134708
135062
135607
135709
135809
136048
136507
136508
136905
139056
140269
140287
140326
140329
140369
140567
140576
140639
140657
140756
140759
140859
140863
142069
142609
142807
143076
143206
143706
143806
143860
143906
145067
145076
145089
145093
145607
145670
145806
145809
145907
147038
147083
148063
148092
148509
150467
150629
150728
150827
150836
152430
152609
153079
153087
153708
153709
153807
154067
154360
154390
154603
154607
154806
154903
156048
156083
156407
156408
156740
156803
157028
157406
157806
157860
158036
158063
158306
158307
158406
159036
159063
159206
159260
160235
160248
160249
160257
160378
160439
160523
160538
160738
160829
160835
160837
160842
162035
162408
162409
162430
163058
163078
163207
163508
163708
164039
164092
164390
165023
165038
165083
165097
165203
165308
165830
167308
167405
167504
168029
168042
168209
168305
168307
169043
170243
170259
170329
170358
170359
170429
170529
170548
170563
170832
170846
170856
170923
170968
172036
172068
172409
172430
172509
172608
173029
173058
173209
174038
174056
174065
174308
174508
174803
174830
175029
175209
175408
175409
175480
175603
176409
178032
178042
178046
178560
179023
179506
179608
180247
180357
180426
180429
180456
180457
180532
180567
180576
180647
180657
180723
180742
182043
182047
182056
182067
182076
182309
182407
182470
182607
183047
183056
183057
183065
183067
183507
183560
183605
183607
183740
184029
184056
184057
184059
184063
184073
184206
184209
184260
184509
184570
185047
185049
185094
185306
185403
185409
185430
185470
185602
185607
185630
185670
185930
185940
186037
186043
186057
186307
186370
186403
186407
186470
186930
187035
187036
187042
187046
187096
187230
187240
187305
187306
187360
189607
189670
190426
190436
190457
190543
190634
190734
190872
192470
193460
195043
201439
207643
210639
210978
213056
213059
213078
213087
213604
213708
213807
214309
215407
215630
216309
216407
216409
216508
217083
217308
217803
217830
218053
218069
218609
230156
230187
230487
230561
230679
230718
230817
230871
231704
231709
231807
234089
235160
235601
235801
236019
236109
236709
237019
237059
237091
237109
237901
238016
238017
238049
238071
238409
238940
240139
240167
240781
240817
240861
240871
241067
241608
241708
247081
247089
247801
247809
248017
248061
248071
248601
250869
258601
258906
260153
260319
260379
260418
260481
260581
261309
263018
263079
263097
263708
263709
263907
264190
264901
265018
265019
265081
267039
267093
267309
267903
267930
270136
270163
270183
270613
270639
270863
270918
271306
271803
271830
275890
278019
278063
278109
278190
278401
278509
279018
280169
280413
280479
284709
285043
289047
289057
289507
290187
290461
290781
291036
291063
291360
291603
291870
294061
294083
294601
295078
297036
297046
297053
297360
297603
297630
301247
301256
301259
301279
301579
301589
301649
301658
301859
301869
301872
302178
302456
302467
302471
302718
302781
304176
304217
304271
304281
304529
304567
304761
304819
304978
305189
305649
305918
306129
306187
306189
306529
306917
307519
307526
307618
307629
307816
307914
307926
308142
308167
308169
308421
308516
308517
308527
308549
308619
309168
309576
310246
310247
310279
310427
310459
310629
310649
310742
312047
312407
312470
312605
314027
314059
314067
314086
314507
314607
314708
314709
314806
314860
315062
315407
315690
315709
315809
315906
316029
316047
316209
316508
317024
317042
317609
318072
318509
319046
319047
319056
319470
320147
320149
320156
320179
320186
320187
320189
320456
320459
320469
320486
320561
320576
320615
320649
320651
320678
320718
320786
320817
320819
320846
320856
320871
320917
321047
321059
321409
321506
321605
321708
321709
321780
321806
321807
324018
324056
324067
324071
324607
324806
325017
325061
325076
325108
326015
326051
326078
326409
326501
326709
327018
327081
327180
327801
327806
327860
328017
328046
328071
329017
329071
329106
329701
340126
340127
340129
340159
340176
340186
340216
340257
340269
340271
340279
340281
340519
340617
340618
340678
340681
340761
340879
340978
341026
341027
341059
341069
341086
341096
341206
341209
341507
341509
341690
341706
341802
341806
341860
341906
341907
342018
342059
342069
342071
342107
342170
342508
342609
342701
342805
345018
345019
345026
345029
345067
345076
345078
345081
345087
345091
345109
345180
345190
345209
345607
345708
345760
345801
345901
345910
346018
346019
346021
346027
346078
346081
346109
346190
346708
347019
347061
347096
347508
347906
347908
348079
348709
348790
348907
348970
349016
350167
350178
350189
350421
350479
350649
350821
350827
350869
350918
351089
351206
351260
351602
351708
351709
351780
351809
352076
352140
352601
352706
352809
352890
354029
354078
354079
354201
354206
354209
354607
356012
356201
356409
357019
357024
358017
358021
358170
358207
358270
358407
359067
359406
359607
360124
360127
360129
360147
360154
360187
360189
360417
360427
360457
360459
360481
360489
360512
360514
360521
360541
360549
360571
360754
360841
360879
360945
360957
361029
361204
361209
361407
361702
361807
361809
361870
362907
364017
364019
364029
364059
364081
364089
364209
364508
364509
364809
365012
365049
365071
365201
365409
367029
367290
368015
368041
368059
368401
368509
368709
369014
369015
369027
369041
369051
369057
369207
369401
369402
369405
370159
370186
370256
370269
370618
370689
370816
370869
371806
372069
372690
372906
374018
375026
375089
376018
376089
376108
376290
376809
378014
378069
378106
378160
378609
379260
380142
380147
380156
380165
380169
380172
380174
380216
380217
380259
380412
380469
380492
380516
380517
380542
380615
380619
380712
380957
381067
381069
381607
381609
382017
382047
382094
382407
382507
382590
382904
384069
384096
384906
385016
385017
385027
385042
385047
385049
385270
386015
386019
386109
386401
386507
387504
387905
389046
389057
389064
389460
389604
390146
390156
390178
390416
390451
390468
390486
390514
390516
390541
390572
390576
390614
390627
390642
390651
390718
390726
390842
390846
391027
392017
394051
394106
394680
395067
395076
395607
396402
396408
398046
401567
403159
406517
407259
407821
409827
410369
412069
413709
415067
415607
416807
416870
421036
421069
423087
426907
427906
430819
431059
431069
431509
436019
436091
436109
436901
437019
437089
437091
437109
437190
437809
437901
439051
439061
439601
450967
453601
456017
456019
456073
456703
459017
459607
460972
460983
461390
462709
462907
463901
465017
469083
470123
470821
471023
473801
473809
475016
476015
478021
486059
489506
490156
492083
495017
512409
513086
513806
514067
516023
516203
516803
528043
530718
530781
536014
537018
540129
541029
541209
543601
546017
560831
562301
563708
563801
564017
567039
568041
574016
581703
583607
583670
590846
592071
592701
594603
598406
601257
601287
601529
601597
601743
601837
601873
602351
602417
602459
603187
603287
603457
603781
603792
603827
604179
604719
605281
605718
605819
607143
607381
607413
607421
607431
607453
607518
607829
608157
608429
609241
609827
610243
610249
610257
610279
610287
610329
610378
610459
610837
610957
612035
612049
612083
612309
612380
612408
612409
612709
612803
612807
612809
613029
613078
613087
613209
613708
613807
614029
614058
614059
614209
615023
615049
615097
615203
615209
615270
615903
615907
617304
617405
617430
618023
618029
618209
618307
618703
618730
619057
620143
620157
620158
620351
620417
620418
621049
621409
623180
624019
624091
624109
624190
624901
625019
625089
627013
627903
629041
629401
630129
630157
630187
630189
630217
630281
630287
630417
630421
630429
630457
630481
630517
630521
630529
630541
630549
630712
630781
630812
630827
630841
630849
630851
630879
630912
630978
631029
631209
631507
631702
631807
631809
632019
632047
632081
632087
632407
632709
632807
634015
634017
634018
634029
634081
634170
634209
634801
635017
635201
635207
635409
635940
637029
637081
637092
637209
638015
638027
638049
638051
638071
638401
638409
638501
638709
639014
639027
639051
639072
640178
640187
640213
640231
640258
640378
640389
640517
640718
640738
640781
640817
640827
640839
640851
640871
640893
640938
640983
641708
641807
642301
642307
643809
643901
643980
645017
647801
648027
648039
648093
648107
648309
648701
648903
649038
649083
649380
650192
650218
650729
650739
650743
650819
650831
650879
651048
651203
651207
651408
651708
651740
651803
651807
651870
652018
652107
652108
652490
652801
652930
653017
653029
653107
654018
654021
654081
654108
654109
654307
654701
654730
654801
654809
654810
654890
657018
657081
657209
657430
657801
658017
658047
658071
658170
658201
658209
658301
658401
658407
658410
658701
659710
670129
670153
670219
670281
670412
670413
670421
670431
670513
670518
670593
670823
670921
671029
671209
671309
671403
671409
671503
671504
671803
672018
672019
672043
672109
673018
673081
673108
673509
673801
673950
674015
674019
674051
674089
674503
674809
675014
675023
675039
675041
675043
675093
675180
675203
675309
675401
675403
675408
675430
675930
678023
678049
679201
680123
680129
680341
680371
680379
680412
680415
680421
680431
680451
680459
680479
680517
680543
680571
680723
680741
680749
680751
680947
681029
681037
681073
681093
681209
681307
681509
681540
681703
682017
682071
682701
683015
683017
683019
683041
683051
683071
683109
683401
683709
684015
684021
684027
684029
684031
684051
684059
684079
684095
684201
684209
684301
684709
685014
685041
685401
685490
685701
687041
687049
687051
687409
689047
689407
689703
690143
690157
690241
690327
690341
690357
690513
690825
690847
691057
691207
691730
692015
692401
692501
693057
693705
695018
698025
698047
701243
701249
701259
701289
701342
701359
701362
701429
701436
701456
701829
701856
701863
701896
701968
702369
702431
702463
703159
703168
703519
703581
703618
703681
704136
704218
704281
704389
704869
704913
705418
705481
706129
706249
706518
706538
706549
706583
706943
708153
708163
708196
708321
708356
708529
708641
708649
708651
708961
709148
709216
709238
709426
709452
709518
709618
709681
709843
710243
710256
710358
710536
710628
710659
710846
712038
712043
712059
712308
712380
712408
712430
712509
712809
713042
714036
714058
714306
714308
714360
714508
715068
715086
715403
715480
715609
715690
715860
715906
715960
716049
716083
716409
716504
716509
716830
718032
718046
718063
718096
718302
718560
718603
719023
719608
720136
720143
720153
720156
720163
720183
720316
720351
720356
720431
720456
720916
721043
721069
721306
721308
721403
721408
721803
723018
724056
724089
724096
724301
724809
724906
725108
725160
725306
726018
728019
728046
728401
728406
728530
728590
730159
730168
730456
730581
730618
730654
730681
730816
730851
730861
731068
731608
732609
732690
734089
734809
734890
736018
736081
736108
738014
738051
738061
738106
738160
738601
740123
740129
740138
740156
740158
740159
740162
740163
740218
740253
740256
740281
740318
740513
740516
740518
740519
740528
740538
740561
740569
740613
740615
740619
740623
740651
740653
740821
740825
740853
740856
740869
740896
740986
741023
741059
741203
741308
741360
741503
741508
741509
741603
741609
741803
741830
742018
742056
742081
742108
742160
742801
742809
742890
743018
743506
743809
743908
743980
745012
745013
745016
745018
745019
745028
745036
745063
745081
745109
745180
745190
745206
745208
745306
745360
745601
745603
745801
745809
745901
745910
746013
746018
746019
746052
746053
746058
746081
746092
746189
746501
746508
746580
746801
746809
748021
748056
749086
750136
750163
750213
750236
750318
750416
750418
750423
750438
750481
750821
750936
750961
750983
751036
751603
751930
752013
752306
752403
753018
753019
753046
753180
753809
754016
754018
754081
754180
754801
754806
758021
758201
759061
759083
760129
760152
760413
760419
760421
760431
760453
760459
760518
760531
760541
760543
760549
760829
760948
761029
761309
761405
764012
764013
764019
764031
764085
764089
764308
764503
764509
764809
765041
765089
765180
765401
765403
765409
768049
769042
769043
769403
769430
780125
780132
780136
780146
780153
780213
780214
780241
780249
780251
780312
780321
780342
780349
780351
780361
780412
780421
780469
780513
780521
780614
780632
780641
780649
780651
780923
780934
780961
781036
781063
781092
781290
781302
781306
781360
781402
781460
781603
781630
782104
782106
782140
782401
782409
782490
782509
782609
782690
782906
782960
783012
783015
783016
783021
783049
783051
783061
783106
783160
783409
783490
783601
784012
784021
785092
786014
786051
786409
789042
789102
790263
790326
790362
790462
790538
790812
790826
791048
791408
791430
792016
792046
792063
792308
792380
792603
792640
795038
795061
795308
796018
796810
798012
798034
798206
801247
801547
801623
801657
801723
802497
803217
803517
804157
804517
804569
804571
804769
805167
805647
806123
807123
807459
807923
809241
810247
810253
810367
810456
810467
810637
810673
812097
813067
813607
814056
814063
814509
814607
814703
815047
815049
815370
815407
815409
815430
815607
815670
815760
816023
816035
816037
816039
816053
816073
816307
816309
816370
816503
816703
816730
816930
817035
817042
817096
817305
819607
819670
820143
820157
820431
820547
820671
821403
821507
824907
826701
830147
830167
830172
830267
830471
830561
830712
831067
831607
832061
832170
832607
834701
834710
835029
835079
835097
835601
835607
835670
835709
835907
835970
837012
837059
837401
839046
840156
840157
840159
840173
840267
840317
840321
840517
840569
840571
840651
840659
840721
840769
841507
841509
842607
843790
845170
845609
845701
845706
846059
850146
850347
850461
850743
851406
851407
851409
851607
851670
851703
851760
852709
852790
852970
853071
853701
854017
854067
854076
854170
854607
854701
854760
856047
856170
856301
856407
856701
859201
859301
859401
860123
860143
860157
860341
860421
860431
860497
860517
860571
861930
863207
863401
863709
864017
864051
864301
864907
865041
865401
865410
869047
869407
870132
870142
870241
870251
870312
870351
870356
870361
870421
870521
870923
870961
872301
872401
873012
873061
873409
873490
873601
874021
879012
879042
879102
890467
894076
901456
901547
901567
901634
901643
902641
903156
903416
903461
903627
903672
903762
904256
904287
904387
904517
906241
907156
907326
907812
908247
908347
908437
908527
910258
910276
910453
910456
910457
910543
910547
910567
910634
910643
910657
910683
910723
910726
910732
910734
912076
913270
915043
915047
915607
916830
920156
920176
920186
920345
920543
920583
920637
920641
920736
920763
920861
921076
921605
921670
923170
923701
924160
924180
924701
924706
924801
925016
925430
925701
925806
925830
926037
926041
926307
926501
927016
927036
927046
927306
930156
930176
930186
930468
930486
930614
930641
930726
930762
930842
930846
931560
934160
934601
934680
935801
936014
936702
938046
940158
940162
940167
940378
940581
940725
940768
940867
942601
943605
945270
945603
945630
947802
948067
948607
950134
950136
950143
950147
950163
950174
950413
950417
950431
950613
950617
950624
950681
950684
950846
951043
951047
951067
951340
951740
954013
954310
956013
956710
957160
957401
957410
957601
958230
958406
960143
960243
960327
960547
960735
960827
960852
961057
962401
962430
965407
968047
970326
970386
970426
970834
970854
971506
971560
971650
972630
974026
975061
975401
975410
975601
978034
978054
978340
980216
980427
980437
980456
980467
980476
980527
980567
984370
984560
103459
104759
106597
103459
104759
106597
107459
109543
109547
109567
120356
120367
120453
120457
120486
120563
120653
120657
120978
123056
123057
123079
123086
123087
123709
123806
123807
103459
104759
106597
107459
109543
109547
109567
120356
120367
120453
120457
120486
120563
120653
120657
120978
123056
123057
123079
123086
123087
123709
123806
123807
124036
124087
124806
124807
124809
125607
125630
125807
125870
126049
126057
126507
128043
128069
128079
128709
128970
129087
130256
130427
130457
130478
130567
130642
130657
130658
130856
132807
134270
134507
134708
135062
135607
135709
135809
136048
136507
136508
136905
139056
140269
140287
140326
140329
140369
140567
140576
140639
140657
140756
140759
140859
140863
142069
142609
142807
143076
143206
143706
143806
143860
143906
145067
145076
145089
145093
145607
145670
145806
145809
145907
147038
147083
148063
148092
148509
150467
150629
150728
150827
150836
152430
152609
153079
153087
153708
153709
153807
154067
154360
154390
154603
154607
154806
154903
156048
156083
156407
156408
156740
156803
157028
157406
157806
157860
158036
158063
158306
158307
158406
159036
159063
159206
159260
160235
160248
160249
160257
160378
160439
160523
160538
160738
160829
160835
160837
160842
162035
162408
162409
162430
163058
163078
163207
163508
163708
164039
164092
164390
165023
165038
165083
165097
165203
165308
165830
167308
167405
167504
168029
168042
168209
168305
168307
169043
170243
170259
170329
170358
170359
170429
170529
170548
170563
170832
170846
170856
170923
170968
172036
172068
172409
172430
172509
172608
173029
173058
173209
174038
174056
174065
174308
174508
